[NI Configuration]
NI1 = 30585960.000000    
NI2 = 30585960.000000    